12
160
0 90 122 69 29 130 29 35 15 173 65 101 30 111 189 44 126 60 161 142 174 51 169 35 29 111 163 72 98 70 30 111 62 132 145 64 168 64 145 184 52 154 37 47 111 174 147 11 90 133 191 107 181 3 162 92 192 193 191 26 191 133 88 186 112 170 76 43 185 143 185 42 103 7 23 190 70 161 49 171 95 134 156 153 170 76 42 103 33 185 42 4 160 91 8 174 51 57 144 63 36 43 185 48 51 135 142 161 47 197 113 53 181 107 105 155 114 25 120 104 196 107 105 81 105 139 13 137 177 93 188 152 184 159 61 122 165 55 130 29 35 15 173 65 101 170 76 43 46 78 187 108 187 128 47 111 10 49 10 83 0
424 40 697 789 370 221 617 82 923 497 180 1149 643 79 407 895 1085 818 585 718 286 515 777 870 216 614 4 472 900 306 993 1136 884 177 1073 880 104 872 1143 291 289 133 994 440 1003 771 751 508 468 1013 172 1001 581 932 199 85 1036 873 155 487 207 222 498 121 68 1188 175 1055 145 513 389 290 417 1170 1084 393 1102 1189 1141 982 996 778 831 160 1045 462
109
0 90 35 15 173 198 8 178 54 158 180 14 2 27 82 36 133 191 107 25 114 98 109 197 113 53 18 97 191 26 180 14 130 29 111 10 83 194 75 38 156 93 188 3 22 187 146 79 146 6 21 144 157 68 94 24 98 70 116 95 117 86 160 91 118 116 112 170 76 43 185 56 163 72 98 76 43 46 10 111 174 51 169 20 45 189 44 169 20 155 105 99 133 191 133 52 184 28 60 161 142 174 8 63 144 135 144 63 83 0
773 1029 998 1047 825 775 1042 1122 828 479 423 75 483 933 957 193 277 784 1169 800 812 170 245 323 1053 803 486 64 469 354 269 562 837 576 972 871 153 42 999 625 755 54 1014 1009 360 890 166 917 976 453
78
0 61 177 191 26 109 173 15 35 29 19 178 180 14 165 23 189 111 30 5 120 25 114 105 99 133 191 30 39 185 43 46 193 139 13 41 194 75 32 179 199 109 11 95 103 42 31 6 86 101 65 199 130 29 69 66 52 138 98 72 53 181 182 44 122 10 87 49 10 111 47 142 190 23 80 34 10 83 0
955 419 240 965 465 1192 418 805 451 490 1115 340 428 977 230 642 361 139 169 534 591 410 853 559 600 538 1048 833 226 1062 281 24 524 88 729 283 485 758 234 342 209 1184
63
0 90 123 54 141 24 167 58 83 188 152 197 113 53 18 176 76 43 186 112 170 76 160 86 16 151 150 193 192 95 134 40 159 55 109 38 156 36 111 189 168 136 50 30 39 115 164 9 64 145 132 93 188 3 22 21 144 16 75 47 111 10 83 0
737 1079 396 1123 278 395 568 570 672 236 379 640 448 764 280 861 811 535 326 1095 1193 893 317 1067 252 413 971 592 262 530 456 313 95 563
130
0 83 0 90 133 191 107 181 3 162 106 185 48 66 69 70 197 113 53 115 43 185 67 66 152 188 53 181 182 46 43 185 48 189 111 10 83 0 31 42 87 49 171 49 155 40 62 132 93 188 7 189 44 1 198 90 122 171 95 134 6 31 42 31 42 28 60 161 142 174 8 77 8 174 48 177 137 177 197 70 116 163 111 124 198 124 51 135 144 59 37 47 111 10 83 58 92 5 30 111 10 49 171 95 117 86 123 72 98 76 43 185 48 170 194 9 7 103 42 53 181 107 105 139 126 60 161 49 10 83 0
1082 250 632 956 912 380 1165 658 983 1174 768 936 1044 785 489 287 351 1159 754 804 832 684 827 716 947 634 902 974 200 726 350 595 868 341 723 1075 331 970 692 148 400 940 928 437 1038 554 1011 192 454 62 434 1137
72
0 83 188 152 50 147 11 59 144 164 115 29 35 15 148 15 179 94 140 173 158 180 14 130 121 156 153 107 196 166 162 3 188 43 185 42 177 137 13 127 123 72 97 159 184 68 195 184 68 157 51 169 20 155 114 134 113 178 180 37 47 111 10 45 3 162 102 167 100 150 186 90 0
162 93 452 241 1144 782 1150 194 318 1041 665 115 430 921 371 646 846 997 707 655 695 746 1061 1130 701 1168 616 300 65
79
0 83 17 63 144 157 68 157 161 151 181 107 45 106 83 188 93 62 89 28 60 161 49 10 111 47 140 43 147 186 112 170 76 43 185 48 34 7 189 23 164 195 44 189 111 47 37 25 114 125 65 52 83 17 162 92 104 102 40 102 14 130 29 35 164 9 7 156 162 175 139 71 139 105 107 196 84 58 83 0
1101 176 242 579 796 47 475 6 584 654 409 426 639 1104 1057 185 966 258 214 536 141 1185 660 264 1054 663 715 752 780 1161 191 690 374 345 710 218 797
72
0 145 109 30 111 10 49 174 51 6 56 111 174 8 77 56 192 8 91 24 155 20 165 97 41 194 75 39 34 82 27 2 151 10 111 47 37 183 2 27 82 181 3 188 93 132 99 105 139 13 127 178 126 84 58 167 100 194 9 23 164 134 95 103 7 87 121 130 194 111 10 83 0
578 365 961 421 463 680 376 577 91 416 232 366 244 359 72 517 801 330 478 834 732 659 1022 676 952 611
96
0 90 5 31 6 161 142 174 47 111 178 126 66 67 77 8 174 51 169 154 37 47 111 10 148 15 173 132 93 188 3 161 142 135 144 65 125 72 98 70 197 74 177 197 74 129 31 193 165 97 54 141 52 180 159 61 131 78 187 108 179 163 14 100 110 117 86 160 91 164 9 115 43 117 58 84 176 77 186 88 91 160 4 58 167 20 155 21 144 135 23 190 171 49 10 83 0
22 580 637 767 1098 1058 333 627 422 624 8 1074 735 1096 446 939 1002 1129 334 1147 383 1163 144 71 415 83 876 182 92 338 914 744 887 509 81 558 1081
72
0 48 51 96 192 193 191 133 99 105 81 99 133 32 166 181 107 56 9 7 92 125 65 101 156 162 184 68 178 167 58 84 159 61 131 16 112 170 76 43 185 48 98 76 43 185 143 39 34 113 55 151 97 159 27 82 187 80 57 119 101 156 153 92 124 126 60 161 55 165 58 83 0
826 488 167 653 605 11 80 813 45 1032 1172 678 161 271 405 1194 459 188 228 1113 882 392 33 32 131 765 189 364 878 98
86
0 85 152 153 184 68 195 124 168 32 62 46 182 181 3 159 61 155 89 56 50 121 130 21 144 90 11 63 36 97 159 61 131 78 58 83 188 93 75 194 41 104 92 121 128 47 111 10 46 85 152 188 93 132 145 64 168 91 160 4 177 137 12 3 22 187 101 65 57 54 176 9 69 29 35 71 190 23 164 195 126 60 161 49 10 83 0
337 1088 1059 963 621 1111 1109 620 17 645 691 641 381 533 669 140 106 550 120 557 736 1005 256 898 650 445 39 964 594 969 1195 1012 1153 629
87
0 145 132 21 144 63 36 117 158 168 64 117 86 40 62 132 145 180 158 54 141 24 73 14 130 29 69 66 11 63 159 97 163 72 98 70 197 12 128 47 111 10 49 171 172 156 117 86 123 121 130 29 69 136 173 65 57 80 178 180 158 54 108 187 146 79 182 76 43 185 42 31 6 33 8 77 138 43 46 10 111 47 37 183 167 58 83 0
717 817 781 728 130 1148 919 951 1117 875 949 638 786 259 601 263 569 44 582 307 798
